[gd_scene load_steps=7 format=3 uid="uid://cj05wexi6de2p"]

[ext_resource type="Script" uid="uid://bdanve7qh5klj" path="res://scripts/kunci_ibukost.gd" id="1_sthon"]
[ext_resource type="AudioStream" uid="uid://c3iied6buhvll" path="res://assets/sounds/pickup_key.wav" id="2_1iyxf"]

[sub_resource type="StandardMaterial3D" id="StandardMaterial3D_veffy"]
albedo_color = Color(1, 0, 0, 1)

[sub_resource type="CapsuleMesh" id="CapsuleMesh_sthon"]

[sub_resource type="CapsuleShape3D" id="CapsuleShape3D_1iyxf"]

[sub_resource type="StandardMaterial3D" id="StandardMaterial3D_sthon"]
albedo_color = Color(1, 1, 0.007843138, 1)

[node name="IbuKost" type="CharacterBody3D"]

[node name="MeshInstance3D" type="MeshInstance3D" parent="."]
material_override = SubResource("StandardMaterial3D_veffy")
mesh = SubResource("CapsuleMesh_sthon")

[node name="CollisionShape3D" type="CollisionShape3D" parent="."]
shape = SubResource("CapsuleShape3D_1iyxf")

[node name="SpotLight3D" type="SpotLight3D" parent="."]
transform = Transform3D(1, 0, 0, 0, 1, 0, 0, 0, 1, 0, 0.5, 0)
light_color = Color(1, 0, 0, 1)

[node name="CSGCombiner3D" type="CSGCombiner3D" parent="."]
transform = Transform3D(8.693619e-16, 1.9888683e-08, 0.455, 0.455, -1.9888683e-08, 0, 1.9888683e-08, 0.455, -1.9888683e-08, 0, 0.25164002, 0.52048993)
use_collision = true
script = ExtResource("1_sthon")

[node name="CSGCylinder3D" type="CSGCylinder3D" parent="CSGCombiner3D"]
radius = 0.206
height = 0.053
sides = 24
material = SubResource("StandardMaterial3D_sthon")

[node name="CSGBox3D" type="CSGBox3D" parent="CSGCombiner3D"]
transform = Transform3D(1, 0, 0, 0, 1, 0, 0, 0, 1, -0.4347425, 0, 0)
size = Vector3(0.6, 0.03, 0.16)
material = SubResource("StandardMaterial3D_sthon")

[node name="CSGBox3D2" type="CSGBox3D" parent="CSGCombiner3D"]
transform = Transform3D(0.70710677, 0, -0.70710677, 0, 1, 0, 0.70710677, 0, 0.70710677, -0.74532855, 0.003775679, 0.10454798)
operation = 2
size = Vector3(0.13837892, 0.04148926, 0.16)

[node name="CSGBox3D3" type="CSGBox3D" parent="CSGCombiner3D"]
transform = Transform3D(0.70710677, 0, -0.70710677, 0, 1, 0, 0.70710677, 0, 0.70710677, -0.74532855, 0.003775679, -0.08583045)
operation = 2
size = Vector3(0.13837892, 0.04148926, 0.16)

[node name="CSGBox3D4" type="CSGBox3D" parent="CSGCombiner3D"]
transform = Transform3D(0.70710677, 0, -0.70710677, 0, 1, 0, 0.70710677, 0, 0.70710677, -0.5749535, 0.003775679, 0.12997472)
operation = 2
size = Vector3(0.13837892, 0.04148926, 0.16)

[node name="CSGBox3D5" type="CSGBox3D" parent="CSGCombiner3D"]
transform = Transform3D(0.70710677, 0, -0.70710677, 0, 1, 0, 0.70710677, 0, 0.70710677, -0.44637674, 0.003775679, 0.12997472)
operation = 2
size = Vector3(0.13837892, 0.04148926, 0.16)

[node name="CSGBox3D6" type="CSGBox3D" parent="CSGCombiner3D"]
transform = Transform3D(0.70710677, 0, -0.70710677, 0, 1, 0, 0.70710677, 0, 0.70710677, -0.3142643, 0.003775679, 0.12997472)
operation = 2
size = Vector3(0.13837892, 0.04148926, 0.16)

[node name="AudioStreamPlayer3D" type="AudioStreamPlayer3D" parent="."]
stream = ExtResource("2_1iyxf")
